/**:
ros__parameters:
image_width: 640
image_height: 480
camera_name: camera1
camera_matrix:
  rows: 3
  cols: 3
  data: [608.94097,   0.     , 335.51953,
           0.     , 614.62992, 236.68152,
           0.     ,   0.     ,   1.     ]
distortion_model: plumb_bob
distortion_coefficients:
  rows: 1
  cols: 5
  data: [-0.773524, 0.718165, 0.006524, -0.025965, 0.000000]
rectification_matrix:
  rows: 3
  cols: 3
  data: [ 0.97384504, -0.03088477,  0.22510437,
          0.05907825,  0.99106187, -0.11960828,
         -0.21939828,  0.1297787 ,  0.9669653 ]
projection_matrix:
  rows: 3
  cols: 4
  data: [390.38084,   0.     ,  86.00943,   0.     ,
           0.     , 390.38084, 267.42402,   0.     ,
           0.     ,   0.     ,   1.     ,   0.     ]
