image_width: 640
image_height: 480
camera_name: narrow_stereo/left
camera_matrix:
  rows: 3
  cols: 3
  data: [455.99528,   0.     , 344.96333,
           0.     , 453.6335 , 250.1077 ,
           0.     ,   0.     ,   1.     ]
distortion_model: plumb_bob
distortion_coefficients:
  rows: 1
  cols: 5
  data: [-0.388010, 0.151933, -0.004583, -0.003897, 0.000000]
rectification_matrix:
  rows: 3
  cols: 3
  data: [ 0.89619757,  0.44109888, -0.04755727,
         -0.44128054,  0.8973405 ,  0.00717749,
          0.04584105,  0.01455365,  0.99884273]
projection_matrix:
  rows: 3
  cols: 4
  data: [1133.61493,    0.     ,  383.84676,    0.     ,
            0.     , 1133.61493,  236.67778,    0.     ,
            0.     ,    0.     ,    1.     ,    0.     ]
