/**:
ros__parameters:
image_width: 640
image_height: 480
camera_name: camera2
camera_matrix:
  rows: 3
  cols: 3
  data: [626.86857,   0.     , 310.64593,
           0.     , 620.77268, 248.55804,
           0.     ,   0.     ,   1.     ]
distortion_model: plumb_bob
distortion_coefficients:
  rows: 1
  cols: 5
  data: [-0.762931, 0.512096, -0.023009, 0.008619, 0.000000]
rectification_matrix:
  rows: 3
  cols: 3
  data: [ 0.80594428,  0.53506972,  0.25328682,
         -0.56383318,  0.8241873 ,  0.05298523,
         -0.18040499, -0.18551466,  0.9659391 ]
projection_matrix:
  rows: 3
  cols: 4
  data: [390.38084,   0.     ,  86.00943,  37.19259,
           0.     , 390.38084, 267.42402,   0.     ,
           0.     ,   0.     ,   1.     ,   0.     ]
