image_width: 640
image_height: 480
camera_name: narrow_stereo/right
camera_matrix:
  rows: 3
  cols: 3
  data: [456.77219,   0.     , 344.06432,
           0.     , 458.01338, 235.9362 ,
           0.     ,   0.     ,   1.     ]
distortion_model: plumb_bob
distortion_coefficients:
  rows: 1
  cols: 5
  data: [-0.407678, 0.150216, 0.004126, -0.009505, 0.000000]
rectification_matrix:
  rows: 3
  cols: 3
  data: [ 0.98005486, -0.19044806, -0.05676268,
          0.19066276,  0.9816542 , -0.00165906,
          0.05603728, -0.00919656,  0.99838632]
projection_matrix:
  rows: 3
  cols: 4
  data: [1133.61493,    0.     ,  383.84676,  -80.43096,
            0.     , 1133.61493,  236.67778,    0.     ,
            0.     ,    0.     ,    1.     ,    0.     ]
